9.999782739813600774e-01
9.999727920133248960e-01
9.999665346505763885e-01
9.999595724874070779e-01
9.999520331303025644e-01
9.999441030085798321e-01
9.999360238371850507e-01
9.999280831523427171e-01
9.999205990321310411e-01
9.999138999012836537e-01
9.999083010840066343e-01
9.999040803791474641e-01
9.999014552698828329e-01
9.999005643642501218e-01
9.999014552698828329e-01
9.999040803791474641e-01
9.999083010840066343e-01
9.999138999012836537e-01
9.999205990321310411e-01
9.999280831523427171e-01
9.999360238371850507e-01
9.999441030085798321e-01
9.999520331303025644e-01
9.999595724874070779e-01
9.999665346505763885e-01
9.999727920133248960e-01
9.999782739813600774e-01
9.999829609024730726e-01
9.999868751082875429e-01
9.999900704956941055e-01
9.999926219412798023e-01
9.999946155748322685e-01
9.999961406045271284e-01
9.999616976765834941e-01
9.999520331303025644e-01
9.999410015862492118e-01
9.999287275000575681e-01
9.999154358381585617e-01
9.999014552698828329e-01
9.998872119314770046e-01
9.998732127407360393e-01
9.998600184598331886e-01
9.998482080917865389e-01
9.998383375437744913e-01
9.998308965668868398e-01
9.998262685774828018e-01
9.998246979374015853e-01
9.998262685774828018e-01
9.998308965668868398e-01
9.998383375437744913e-01
9.998482080917865389e-01
9.998600184598331886e-01
9.998732127407360393e-01
9.998872119314770046e-01
9.999014552698828329e-01
9.999154358381585617e-01
9.999287275000575681e-01
9.999410015862492118e-01
9.999520331303025644e-01
9.999616976765834941e-01
9.999699605788331391e-01
9.999768612070388807e-01
9.999824945798126974e-01
9.999869927023459226e-01
9.999905074188877308e-01
9.999931960007931719e-01
9.999336787367818502e-01
9.999169443755053788e-01
9.998978430293832265e-01
9.998765901959133506e-01
9.998535754091125716e-01
9.998293677667073887e-01
9.998047051324006063e-01
9.997804652448126772e-01
9.997576190752157643e-01
9.997371691792810156e-01
9.997200781217571164e-01
9.997071939167599952e-01
9.996991804576259577e-01
9.996964608619210990e-01
9.996991804576259577e-01
9.997071939167599952e-01
9.997200781217571164e-01
9.997371691792810156e-01
9.997576190752157643e-01
9.997804652448126772e-01
9.998047051324006063e-01
9.998293677667073887e-01
9.998535754091125716e-01
9.998765901959133506e-01
9.998978430293832265e-01
9.999169443755053788e-01
9.999336787367818502e-01
9.999479861225006871e-01
9.999599347026070228e-01
9.999696890037880204e-01
9.999774775957559481e-01
9.999835633999609730e-01
9.999882187349987683e-01
9.998872119314770046e-01
9.998587529396731899e-01
9.998262685774828018e-01
9.997901253268660637e-01
9.997509856418727026e-01
9.997098173483588424e-01
9.996678752810160828e-01
9.996266521503096580e-01
9.995877992211440466e-01
9.995530214718665318e-01
9.995239558709777539e-01
9.995020445784966734e-01
9.994884166327360209e-01
9.994837916010067547e-01
9.994884166327360209e-01
9.995020445784966734e-01
9.995239558709777539e-01
9.995530214718665318e-01
9.995877992211440466e-01
9.996266521503096580e-01
9.996678752810160828e-01
9.997098173483588424e-01
9.997509856418727026e-01
9.997901253268660637e-01
9.998262685774828018e-01
9.998587529396731899e-01
9.998872119314770046e-01
9.999115435307640576e-01
9.999318636695310181e-01
9.999484521471415643e-01
9.999616976765834941e-01
9.999720473905119311e-01
9.999799644026701184e-01
9.998116107016031817e-01
9.997640758021302254e-01
9.997098173483588424e-01
9.996494474731173474e-01
9.995840726698075329e-01
9.995153094927018422e-01
9.994452538853713097e-01
9.993763991140005576e-01
9.993115032773929318e-01
9.992534141916232793e-01
9.992048660762896661e-01
9.991682677634404763e-01
9.991455050796381743e-01
9.991377799142555638e-01
9.991455050796381743e-01
9.991682677634404763e-01
9.992048660762896661e-01
9.992534141916232793e-01
9.993115032773929318e-01
9.993763991140005576e-01
9.994452538853713097e-01
9.995153094927018422e-01
9.995840726698075329e-01
9.996494474731173474e-01
9.997098173483588424e-01
9.997640758021302254e-01
9.998116107016031817e-01
9.998522516397679860e-01
9.998861922572088723e-01
9.999138999012836537e-01
9.999360238371850507e-01
9.999533109081591986e-01
9.999665346505763885e-01
9.996909476877228196e-01
9.996129667688437026e-01
9.995239558709777539e-01
9.994249191969520885e-01
9.993176719472436353e-01
9.992048660762896661e-01
9.990899399758278454e-01
9.989769838446435068e-01
9.988705223389665599e-01
9.987752272960530586e-01
9.986955841983385929e-01
9.986355447305570454e-01
9.985982025878633594e-01
9.985855294676566629e-01
9.985982025878633594e-01
9.986355447305570454e-01
9.986955841983385929e-01
9.987752272960530586e-01
9.988705223389665599e-01
9.989769838446435068e-01
9.990899399758278454e-01
9.992048660762896661e-01
9.993176719472436353e-01
9.994249191969520885e-01
9.995239558709777539e-01
9.996129667688437026e-01
9.996909476877228196e-01
9.997576190752157643e-01
9.998132985983601007e-01
9.998587529396731899e-01
9.998950472175603954e-01
9.999234066270520360e-01
9.999451001532010386e-01
9.995020445784966734e-01
9.993763991140005576e-01
9.992329817784736390e-01
9.990734105770955331e-01
9.989006102215824967e-01
9.987188536296157659e-01
9.985336808529571284e-01
9.983516821566817967e-01
9.981801478182308340e-01
9.980266052580359926e-01
9.978982816354103891e-01
9.978015440369574218e-01
9.977413771277766630e-01
9.977209577726591228e-01
9.977413771277766630e-01
9.978015440369574218e-01
9.978982816354103891e-01
9.980266052580359926e-01
9.981801478182308340e-01
9.983516821566817967e-01
9.985336808529571284e-01
9.987188536296157659e-01
9.989006102215824967e-01
9.990734105770955331e-01
9.992329817784736390e-01
9.993763991140005576e-01
9.995020445784966734e-01
9.996094677477869173e-01
9.996991804576259577e-01
9.997724180125271420e-01
9.998308965668868398e-01
9.998765901959133506e-01
9.999115435307640576e-01
9.992119901750708966e-01
9.990131573956588795e-01
9.987862007955697896e-01
9.985336808529571284e-01
9.982602258969202058e-01
9.979725977799633885e-01
9.976795635824925457e-01
9.973915523377183678e-01
9.971201008419117162e-01
9.968771211679220423e-01
9.966740502281695724e-01
9.965209638780083701e-01
9.964257503036146879e-01
9.963934368639842942e-01
9.964257503036146879e-01
9.965209638780083701e-01
9.966740502281695724e-01
9.968771211679220423e-01
9.971201008419117162e-01
9.973915523377183678e-01
9.976795635824925457e-01
9.979725977799633885e-01
9.982602258969202058e-01
9.985336808529571284e-01
9.987862007955697896e-01
9.990131573956588795e-01
9.992119901750708966e-01
9.993819863417360283e-01
9.995239558709777539e-01
9.996398536207034002e-01
9.997323953892898185e-01
9.998047051324006063e-01
9.998600184598331886e-01
9.987752272960530586e-01
9.984661893206755456e-01
9.981134395960197248e-01
9.977209577726591228e-01
9.972959374806301680e-01
9.968488884015556106e-01
9.963934368639842942e-01
9.959457923043990579e-01
9.955238859118747952e-01
9.951462321531244770e-01
9.948306069716796873e-01
9.945926708735590704e-01
9.944446841565492967e-01
9.943944606471742942e-01
9.944446841565492967e-01
9.945926708735590704e-01
9.948306069716796873e-01
9.951462321531244770e-01
9.955238859118747952e-01
9.959457923043990579e-01
9.963934368639842942e-01
9.968488884015556106e-01
9.972959374806301680e-01
9.977209577726591228e-01
9.981134395960197248e-01
9.984661893206755456e-01
9.987752272960530586e-01
9.990394456574495097e-01
9.992601033176798930e-01
9.994402386355684120e-01
9.995840726698075329e-01
9.996964608619210990e-01
9.997824321930653957e-01
9.981303424626614129e-01
9.976585853944915927e-01
9.971201008419117162e-01
9.965209638780083701e-01
9.958721558257445094e-01
9.951897200745568606e-01
9.944944576823036009e-01
9.938111129096940388e-01
9.931670583318181755e-01
9.925905569170853093e-01
9.921087442529391565e-01
9.917455266389095803e-01
9.915196198400467731e-01
9.914429519305220095e-01
9.915196198400467731e-01
9.917455266389095803e-01
9.921087442529391565e-01
9.925905569170853093e-01
9.931670583318181755e-01
9.938111129096940388e-01
9.944944576823036009e-01
9.951897200745568606e-01
9.958721558257445094e-01
9.965209638780083701e-01
9.971201008419117162e-01
9.976585853944915927e-01
9.981303424626614129e-01
9.985336808529571284e-01
9.988705223389665599e-01
9.991455050796381743e-01
9.993650726658315220e-01
9.995366370955545143e-01
9.996678752810160828e-01
9.971968177800183408e-01
9.964895112282917689e-01
9.956821599923668664e-01
9.947838724445101644e-01
9.938111129096940388e-01
9.927879352818101966e-01
9.917455266389095803e-01
9.907209861129352424e-01
9.897553534741529990e-01
9.888910034617577338e-01
9.881686205298442216e-01
9.876240474530650904e-01
9.872853448247502772e-01
9.871703964363256478e-01
9.872853448247502772e-01
9.876240474530650904e-01
9.881686205298442216e-01
9.888910034617577338e-01
9.897553534741529990e-01
9.907209861129352424e-01
9.917455266389095803e-01
9.927879352818101966e-01
9.938111129096940388e-01
9.947838724445101644e-01
9.956821599923668664e-01
9.964895112282917689e-01
9.971968177800183408e-01
9.978015440369574218e-01
9.983065713190543145e-01
9.987188536296157659e-01
9.990480518605268090e-01
9.993052788389312768e-01
9.995020445784966734e-01
9.958721558257446205e-01
9.948306069716796873e-01
9.936417366684811014e-01
9.923189575088547931e-01
9.908865141414134881e-01
9.893798272837477370e-01
9.878448216700850271e-01
9.863361278679892985e-01
9.849141792575651921e-01
9.836413750360805119e-01
9.825776253605065236e-01
9.817757107413227491e-01
9.812769519873864033e-01
9.811076839918504433e-01
9.812769519873864033e-01
9.817757107413227491e-01
9.825776253605065236e-01
9.836413750360805119e-01
9.849141792575651921e-01
9.863361278679892985e-01
9.878448216700850271e-01
9.893798272837477370e-01
9.908865141414134881e-01
9.923189575088547931e-01
9.936417366684811014e-01
9.948306069716796873e-01
9.958721558257446205e-01
9.967626494008435811e-01
9.975063306033653543e-01
9.981134395960197248e-01
9.985982025878633594e-01
9.989769838446435068e-01
9.992667325117007282e-01
9.940299501408733640e-01
9.925235709446176280e-01
9.908041225627245430e-01
9.888910034617577338e-01
9.868192783764613285e-01
9.846401758515996860e-01
9.824201162609882410e-01
9.802381111172761008e-01
9.781815644689572098e-01
9.763407235015191254e-01
9.748022355323233690e-01
9.736424363593922937e-01
9.729210877563500004e-01
9.726762775527074689e-01
9.729210877563500004e-01
9.736424363593922937e-01
9.748022355323233690e-01
9.763407235015191254e-01
9.781815644689572098e-01
9.802381111172761008e-01
9.824201162609882410e-01
9.846401758515996860e-01
9.868192783764613285e-01
9.888910034617577338e-01
9.908041225627245430e-01
9.925235709446176280e-01
9.940299501408733640e-01
9.953178599596911313e-01
9.963934368639842942e-01
9.972714910741397043e-01
9.979725977799633885e-01
9.985204244161488552e-01
9.989394843214950415e-01
9.915196198400467731e-01
9.893798272837477370e-01
9.869373726497082666e-01
9.842198112138242916e-01
9.812769519873864033e-01
9.781815644689572098e-01
9.750279979577238798e-01
9.719284873060055618e-01
9.690071888569213865e-01
9.663922975936556359e-01
9.642068949323446825e-01
9.625594149065926919e-01
9.615347483584066879e-01
9.611869985668783922e-01
9.615347483584066879e-01
9.625594149065926919e-01
9.642068949323446825e-01
9.663922975936556359e-01
9.690071888569213865e-01
9.719284873060055618e-01
9.750279979577238798e-01
9.781815644689572098e-01
9.812769519873864033e-01
9.842198112138244026e-01
9.869373726497082666e-01
9.893798272837477370e-01
9.915196198400467731e-01
9.933490794145951597e-01
9.948769227751874666e-01
9.961241876521771399e-01
9.971201008419117162e-01
9.978982816354103891e-01
9.984935509197524484e-01
9.881686205298443326e-01
9.851832947256379258e-01
9.817757107413227491e-01
9.779843122456235438e-01
9.738785901460818017e-01
9.695600686120281475e-01
9.651603788133360506e-01
9.608361049010128996e-01
9.567604632617491278e-01
9.531123047800115211e-01
9.500633461610148434e-01
9.477648688538039545e-01
9.463353080872698442e-01
9.458501459050757676e-01
9.463353080872698442e-01
9.477648688538039545e-01
9.500633461610148434e-01
9.531123047800115211e-01
9.567604632617491278e-01
9.608361049010128996e-01
9.651603788133360506e-01
9.695600686120281475e-01
9.738785901460818017e-01
9.779843122456235438e-01
9.817757107413227491e-01
9.851832947256379258e-01
9.881686205298443326e-01
9.907209861129352424e-01
9.928525526499506482e-01
9.945926708735590704e-01
9.959821164697276741e-01
9.970677933014984173e-01
9.978982816354103891e-01
9.837879421195536711e-01
9.796972716400996761e-01
9.750279979577238798e-01
9.698327988674437794e-01
9.642068949323446825e-01
9.582894005907394153e-01
9.522606846787590174e-01
9.463353080872698442e-01
9.407506221829445847e-01
9.357516990554969327e-01
9.315738351190941957e-01
9.284243251878651071e-01
9.264654562369428747e-01
9.258006582394672224e-01
9.264654562369428747e-01
9.284243251878651071e-01
9.315738351190941957e-01
9.357516990554969327e-01
9.407506221829445847e-01
9.463353080872698442e-01
9.522606846787590174e-01
9.582894005907394153e-01
9.642068949323446825e-01
9.698327988674437794e-01
9.750279979577238798e-01
9.796972716400997871e-01
9.837879421195536711e-01
9.872853448247502772e-01
9.902061437190200488e-01
9.925905569170853093e-01
9.944944576823036009e-01
9.959821164697276741e-01
9.971201008419117162e-01
9.781815644689572098e-01
9.726762775527074689e-01
9.663922975936556359e-01
9.594005191742778216e-01
9.518290915851962408e-01
9.438652371658662332e-01
9.357516990554968217e-01
9.277772365836791657e-01
9.202612808510260978e-01
9.135336536253420014e-01
9.079110204207188062e-01
9.036723617695069377e-01
9.010360859657420285e-01
9.001413906496967821e-01
9.010360859657420285e-01
9.036723617695069377e-01
9.079110204207188062e-01
9.135336536253420014e-01
9.202612808510260978e-01
9.277772365836791657e-01
9.357516990554969327e-01
9.438652371658662332e-01
9.518290915851962408e-01
9.594005191742778216e-01
9.663922975936556359e-01
9.726762775527074689e-01
9.781815644689572098e-01
9.828884225379419526e-01
9.868192783764613285e-01
9.900282581386234959e-01
9.925905569170853093e-01
9.945926708735590704e-01
9.961241876521771399e-01
9.711602316833235493e-01
9.638833030073157282e-01
9.555770921487120040e-01
9.463353080872698442e-01
9.363273394964454210e-01
9.258006582394671113e-01
9.150761239804154901e-01
9.045354209217548735e-01
8.946007754381355426e-01
8.857081483644098086e-01
8.782761105026540838e-01
8.726734203693260472e-01
8.691887716514440365e-01
8.680061568121697491e-01
8.691887716514440365e-01
8.726734203693260472e-01
8.782761105026540838e-01
8.857081483644098086e-01
8.946007754381356536e-01
9.045354209217548735e-01
9.150761239804154901e-01
9.258006582394671113e-01
9.363273394964454210e-01
9.463353080872698442e-01
9.555770921487120040e-01
9.638833030073157282e-01
9.711602316833235493e-01
9.773817912454592083e-01
9.825776253605065236e-01
9.868192783764613285e-01
9.902061437190200488e-01
9.928525526499506482e-01
9.948769227751874666e-01
9.625594149065926919e-01
9.531123047800115211e-01
9.423289520484464665e-01
9.303310123019181699e-01
9.173383906025184276e-01
9.036723617695069377e-01
8.897494746955146860e-01
8.760652423716399628e-01
8.631678107585295523e-01
8.516231562730340876e-01
8.419746791103521755e-01
8.347011117784134404e-01
8.301772444085409042e-01
8.286419411066425766e-01
8.301772444085409042e-01
8.347011117784134404e-01
8.419746791103521755e-01
8.516231562730340876e-01
8.631678107585296633e-01
8.760652423716399628e-01
8.897494746955147971e-01
9.036723617695069377e-01
9.173383906025184276e-01
9.303310123019181699e-01
9.423289520484464665e-01
9.531123047800115211e-01
9.625594149065926919e-01
9.706364156523006326e-01
9.773817912454592083e-01
9.828884225379419526e-01
9.872853448247502772e-01
9.907209861129352424e-01
9.933490794145951597e-01
9.522606846787590174e-01
9.402149709677636302e-01
9.264654562369428747e-01
9.111672597120809014e-01
8.946007754381356536e-01
8.771756508568645527e-01
8.594230143916725684e-01
8.419746791103521755e-01
8.255295687287617090e-01
8.108093420180180200e-01
7.985068715173587739e-01
7.892325740269906520e-01
7.834643326839929589e-01
7.815067156152368799e-01
7.834643326839929589e-01
7.892325740269906520e-01
7.985068715173587739e-01
8.108093420180180200e-01
8.255295687287617090e-01
8.419746791103522865e-01
8.594230143916726794e-01
8.771756508568645527e-01
8.946007754381356536e-01
9.111672597120809014e-01
9.264654562369429858e-01
9.402149709677636302e-01
9.522606846787590174e-01
9.625594149065926919e-01
9.711602316833236603e-01
9.781815644689572098e-01
9.837879421195536711e-01
9.881686205298443326e-01
9.915196198400467731e-01
9.402149709677636302e-01
9.251298500547402437e-01
9.079110204207188062e-01
8.887527413958666855e-01
8.680061568121697491e-01
8.461842774665706557e-01
8.239522475489147180e-01
8.021013009163853180e-01
7.815067156152367689e-01
7.630722413178782082e-01
7.476655780446223032e-01
7.360511646207130720e-01
7.288274649544000949e-01
7.263758966295918995e-01
7.288274649544000949e-01
7.360511646207130720e-01
7.476655780446224142e-01
7.630722413178782082e-01
7.815067156152368799e-01
8.021013009163853180e-01
8.239522475489148290e-01
8.461842774665706557e-01
8.680061568121697491e-01
8.887527413958666855e-01
9.079110204207188062e-01
9.251298500547402437e-01
9.402149709677636302e-01
9.531123047800115211e-01
9.638833030073157282e-01
9.726762775527074689e-01
9.796972716400996761e-01
9.851832947256379258e-01
9.893798272837477370e-01
9.264654562369428747e-01
9.079110204207188062e-01
8.867321600644104684e-01
8.631678107585295523e-01
8.376498732966071170e-01
8.108093420180179089e-01
7.834643326839928479e-01
7.565880491490701854e-01
7.312570681556054275e-01
7.085829860499142097e-01
6.896330587345148588e-01
6.753475326416501501e-01
6.664625079483066372e-01
6.634471216352628709e-01
6.664625079483066372e-01
6.753475326416502611e-01
6.896330587345149699e-01
7.085829860499142097e-01
7.312570681556056496e-01
7.565880491490702964e-01
7.834643326839929589e-01
8.108093420180179089e-01
8.376498732966071170e-01
8.631678107585296633e-01
8.867321600644104684e-01
9.079110204207188062e-01
9.264654562369428747e-01
9.423289520484464665e-01
9.555770921487120040e-01
9.663922975936556359e-01
9.750279979577238798e-01
9.817757107413227491e-01
9.869373726497082666e-01
9.111672597120809014e-01
8.887527413958666855e-01
8.631678107585295523e-01
8.347011117784134404e-01
8.038743983015135264e-01
7.714499373305794272e-01
7.384160462090499921e-01
7.059483950483216308e-01
6.753475326416501501e-01
6.479563128980153630e-01
6.250640246544385548e-01
6.078065241064949387e-01
5.970730504131142036e-01
5.934303402594007792e-01
5.970730504131142036e-01
6.078065241064949387e-01
6.250640246544386658e-01
6.479563128980153630e-01
6.753475326416502611e-01
7.059483950483216308e-01
7.384160462090501031e-01
7.714499373305794272e-01
8.038743983015135264e-01
8.347011117784135514e-01
8.631678107585296633e-01
8.887527413958666855e-01
9.111672597120809014e-01
9.303310123019181699e-01
9.463353080872699552e-01
9.594005191742778216e-01
9.698327988674437794e-01
9.779843122456235438e-01
9.842198112138244026e-01
8.946007754381356536e-01
8.680061568121697491e-01
8.376498732966071170e-01
8.038743983015135264e-01
7.672987879384289833e-01
7.288274649544002060e-01
6.896330587345149699e-01
6.511104909898466353e-01
6.148028508322447294e-01
5.823034220020011364e-01
5.551419337770588935e-01
5.346660690256865855e-01
5.219309017836224474e-01
5.176088598848740396e-01
5.219309017836224474e-01
5.346660690256865855e-01
5.551419337770588935e-01
5.823034220020011364e-01
6.148028508322448404e-01
6.511104909898467463e-01
6.896330587345150809e-01
7.288274649544002060e-01
7.672987879384289833e-01
8.038743983015136374e-01
8.376498732966073391e-01
8.680061568121698601e-01
8.946007754381356536e-01
9.173383906025184276e-01
9.363273394964455321e-01
9.518290915851963518e-01
9.642068949323446825e-01
9.738785901460818017e-01
9.812769519873864033e-01
8.771756508568645527e-01
8.461842774665706557e-01
8.108093420180179089e-01
7.714499373305794272e-01
7.288274649544002060e-01
6.839958713081375485e-01
6.383216507052766886e-01
5.934303402594007792e-01
5.511201402572829533e-01
5.132477440400283752e-01
4.815957833462439774e-01
4.577347466860167691e-01
4.428941381878260808e-01
4.378575548031775622e-01
4.428941381878260808e-01
4.577347466860168801e-01
4.815957833462440885e-01
5.132477440400283752e-01
5.511201402572830643e-01
5.934303402594010013e-01
6.383216507052767996e-01
6.839958713081375485e-01
7.288274649544002060e-01
7.714499373305796492e-01
8.108093420180180200e-01
8.461842774665708777e-01
8.771756508568645527e-01
9.036723617695070487e-01
9.258006582394672224e-01
9.438652371658663442e-01
9.582894005907394153e-01
9.695600686120281475e-01
9.781815644689572098e-01
8.594230143916725684e-01
8.239522475489147180e-01
7.834643326839928479e-01
7.384160462090501031e-01
6.896330587345149699e-01
6.383216507052766886e-01
5.860458251287257170e-01
5.346660690256865855e-01
4.862404887700014777e-01
4.428941381878260808e-01
4.066673048769479104e-01
3.793574707065626717e-01
3.623718483782266686e-01
3.566072934270437811e-01
3.623718483782266686e-01
3.793574707065626717e-01
4.066673048769480214e-01
4.428941381878260808e-01
4.862404887700016998e-01
5.346660690256866966e-01
5.860458251287259390e-01
6.383216507052766886e-01
6.896330587345149699e-01
7.384160462090501031e-01
7.834643326839929589e-01
8.239522475489149400e-01
8.594230143916725684e-01
8.897494746955147971e-01
9.150761239804156011e-01
9.357516990554969327e-01
9.522606846787590174e-01
9.651603788133360506e-01
9.750279979577238798e-01
8.419746791103521755e-01
8.021013009163853180e-01
7.565880491490701854e-01
7.059483950483216308e-01
6.511104909898466353e-01
5.934303402594007792e-01
5.346660690256864745e-01
4.769090868974991126e-01
4.224729512380451801e-01
3.737464763424440672e-01
3.330231891415255108e-01
3.023236739289688613e-01
2.832298058443010191e-01
2.767497576201575216e-01
2.832298058443010191e-01
3.023236739289689723e-01
3.330231891415256218e-01
3.737464763424440672e-01
4.224729512380452912e-01
4.769090868974992237e-01
5.346660690256866966e-01
5.934303402594007792e-01
6.511104909898466353e-01
7.059483950483216308e-01
7.565880491490704074e-01
8.021013009163854290e-01
8.419746791103521755e-01
8.760652423716399628e-01
9.045354209217549846e-01
9.277772365836792767e-01
9.463353080872698442e-01
9.608361049010128996e-01
9.719284873060056729e-01
8.255295687287617090e-01
7.815067156152367689e-01
7.312570681556055385e-01
6.753475326416502611e-01
6.148028508322447294e-01
5.511201402572829533e-01
4.862404887700014777e-01
4.224729512380451801e-01
3.623718483782265576e-01
3.085745895496915248e-01
2.636133805438998223e-01
2.297190803849208374e-01
2.086381841044161467e-01
2.014837812406229389e-01
2.086381841044161467e-01
2.297190803849208374e-01
2.636133805438999334e-01
3.085745895496915248e-01
3.623718483782267796e-01
4.224729512380454022e-01
4.862404887700018108e-01
5.511201402572829533e-01
6.148028508322447294e-01
6.753475326416503721e-01
7.312570681556056496e-01
7.815067156152369909e-01
8.255295687287617090e-01
8.631678107585296633e-01
8.946007754381357646e-01
9.202612808510262088e-01
9.407506221829445847e-01
9.567604632617491278e-01
9.690071888569214975e-01
8.108093420180180200e-01
7.630722413178782082e-01
7.085829860499142097e-01
6.479563128980153630e-01
5.823034220020011364e-01
5.132477440400283752e-01
4.428941381878259698e-01
3.737464763424440672e-01
3.085745895496914137e-01
2.502384077609587365e-01
2.014837812406229389e-01
1.647297885887279989e-01
1.418702781886062025e-01
1.341122519407950131e-01
1.418702781886062025e-01
1.647297885887281099e-01
2.014837812406230499e-01
2.502384077609587365e-01
3.085745895496916358e-01
3.737464763424441783e-01
4.428941381878263028e-01
5.132477440400283752e-01
5.823034220020011364e-01
6.479563128980154740e-01
7.085829860499144317e-01
7.630722413178784302e-01
8.108093420180180200e-01
8.516231562730341986e-01
8.857081483644099196e-01
9.135336536253421125e-01
9.357516990554969327e-01
9.531123047800115211e-01
9.663922975936556359e-01
7.985068715173587739e-01
7.476655780446224142e-01
6.896330587345149699e-01
6.250640246544385548e-01
5.551419337770588935e-01
4.815957833462440885e-01
4.066673048769479104e-01
3.330231891415255108e-01
2.636133805438998223e-01
2.014837812406230499e-01
1.495587954597669134e-01
1.104148068365886637e-01
8.606881472877181416e-02
7.780630855539194535e-02
8.606881472877181416e-02
1.104148068365887747e-01
1.495587954597671354e-01
2.014837812406230499e-01
2.636133805438999334e-01
3.330231891415257328e-01
4.066673048769481325e-01
4.815957833462440885e-01
5.551419337770588935e-01
6.250640246544387768e-01
6.896330587345150809e-01
7.476655780446225252e-01
7.985068715173587739e-01
8.419746791103522865e-01
8.782761105026541948e-01
9.079110204207189172e-01
9.315738351190941957e-01
9.500633461610148434e-01
9.642068949323446825e-01
7.892325740269906520e-01
7.360511646207130720e-01
6.753475326416501501e-01
6.078065241064949387e-01
5.346660690256865855e-01
4.577347466860167691e-01
3.793574707065625606e-01
3.023236739289688613e-01
2.297190803849207263e-01
1.647297885887279989e-01
1.104148068365885527e-01
6.946910418879415072e-02
4.400251816690003981e-02
3.535970651687692090e-02
4.400251816690003981e-02
6.946910418879426174e-02
1.104148068365887747e-01
1.647297885887279989e-01
2.297190803849209484e-01
3.023236739289690833e-01
3.793574707065627827e-01
4.577347466860167691e-01
5.346660690256865855e-01
6.078065241064951607e-01
6.753475326416503721e-01
7.360511646207132941e-01
7.892325740269906520e-01
8.347011117784135514e-01
8.726734203693262693e-01
9.036723617695070487e-01
9.284243251878651071e-01
9.477648688538039545e-01
9.625594149065926919e-01
7.834643326839929589e-01
7.288274649544000949e-01
6.664625079483066372e-01
5.970730504131142036e-01
5.219309017836224474e-01
4.428941381878260808e-01
3.623718483782265576e-01
2.832298058443010191e-01
2.086381841044160357e-01
1.418702781886062025e-01
8.606881472877170314e-02
4.400251816690003981e-02
1.783896764169934368e-02
8.959621227116354447e-03
1.783896764169934368e-02
4.400251816690015083e-02
8.606881472877192518e-02
1.418702781886062025e-01
2.086381841044162577e-01
2.832298058443012412e-01
3.623718483782268907e-01
4.428941381878260808e-01
5.219309017836224474e-01
5.970730504131143146e-01
6.664625079483068593e-01
7.288274649544003170e-01
7.834643326839929589e-01
8.301772444085410152e-01
8.691887716514442586e-01
9.010360859657421395e-01
9.264654562369428747e-01
9.463353080872698442e-01
9.615347483584066879e-01
7.815067156152368799e-01
7.263758966295918995e-01
6.634471216352628709e-01
5.934303402594007792e-01
5.176088598848740396e-01
4.378575548031775622e-01
3.566072934270436701e-01
2.767497576201575216e-01
2.014837812406228279e-01
1.341122519407950131e-01
7.780630855539183433e-02
3.535970651687692090e-02
8.959621227116354447e-03
0.000000000000000000e+00
8.959621227116354447e-03
3.535970651687703192e-02
7.780630855539205637e-02
1.341122519407950131e-01
2.014837812406230499e-01
2.767497576201577436e-01
3.566072934270440031e-01
4.378575548031775622e-01
5.176088598848740396e-01
5.934303402594010013e-01
6.634471216352630929e-01
7.263758966295921216e-01
7.815067156152368799e-01
8.286419411066426877e-01
8.680061568121698601e-01
9.001413906496968931e-01
9.258006582394672224e-01
9.458501459050757676e-01
9.611869985668783922e-01
7.834643326839929589e-01
7.288274649544000949e-01
6.664625079483066372e-01
5.970730504131142036e-01
5.219309017836224474e-01
4.428941381878260808e-01
3.623718483782265576e-01
2.832298058443010191e-01
2.086381841044160357e-01
1.418702781886062025e-01
8.606881472877170314e-02
4.400251816690003981e-02
1.783896764169934368e-02
8.959621227116354447e-03
1.783896764169934368e-02
4.400251816690015083e-02
8.606881472877192518e-02
1.418702781886062025e-01
2.086381841044162577e-01
2.832298058443012412e-01
3.623718483782268907e-01
4.428941381878260808e-01
5.219309017836224474e-01
5.970730504131143146e-01
6.664625079483068593e-01
7.288274649544003170e-01
7.834643326839929589e-01
8.301772444085410152e-01
8.691887716514442586e-01
9.010360859657421395e-01
9.264654562369428747e-01
9.463353080872698442e-01
9.615347483584066879e-01
7.892325740269906520e-01
7.360511646207130720e-01
6.753475326416501501e-01
6.078065241064949387e-01
5.346660690256865855e-01
4.577347466860167691e-01
3.793574707065625606e-01
3.023236739289688613e-01
2.297190803849207263e-01
1.647297885887279989e-01
1.104148068365885527e-01
6.946910418879415072e-02
4.400251816690003981e-02
3.535970651687692090e-02
4.400251816690003981e-02
6.946910418879426174e-02
1.104148068365887747e-01
1.647297885887279989e-01
2.297190803849209484e-01
3.023236739289690833e-01
3.793574707065627827e-01
4.577347466860167691e-01
5.346660690256865855e-01
6.078065241064951607e-01
6.753475326416503721e-01
7.360511646207132941e-01
7.892325740269906520e-01
8.347011117784135514e-01
8.726734203693262693e-01
9.036723617695070487e-01
9.284243251878651071e-01
9.477648688538039545e-01
9.625594149065926919e-01
7.985068715173587739e-01
7.476655780446224142e-01
6.896330587345149699e-01
6.250640246544385548e-01
5.551419337770588935e-01
4.815957833462440885e-01
4.066673048769479104e-01
3.330231891415255108e-01
2.636133805438998223e-01
2.014837812406230499e-01
1.495587954597669134e-01
1.104148068365886637e-01
8.606881472877181416e-02
7.780630855539194535e-02
8.606881472877181416e-02
1.104148068365887747e-01
1.495587954597671354e-01
2.014837812406230499e-01
2.636133805438999334e-01
3.330231891415257328e-01
4.066673048769481325e-01
4.815957833462440885e-01
5.551419337770588935e-01
6.250640246544387768e-01
6.896330587345150809e-01
7.476655780446225252e-01
7.985068715173587739e-01
8.419746791103522865e-01
8.782761105026541948e-01
9.079110204207189172e-01
9.315738351190941957e-01
9.500633461610148434e-01
9.642068949323446825e-01
8.108093420180180200e-01
7.630722413178782082e-01
7.085829860499142097e-01
6.479563128980153630e-01
5.823034220020011364e-01
5.132477440400283752e-01
4.428941381878259698e-01
3.737464763424440672e-01
3.085745895496914137e-01
2.502384077609587365e-01
2.014837812406229389e-01
1.647297885887279989e-01
1.418702781886062025e-01
1.341122519407950131e-01
1.418702781886062025e-01
1.647297885887281099e-01
2.014837812406230499e-01
2.502384077609587365e-01
3.085745895496916358e-01
3.737464763424441783e-01
4.428941381878263028e-01
5.132477440400283752e-01
5.823034220020011364e-01
6.479563128980154740e-01
7.085829860499144317e-01
7.630722413178784302e-01
8.108093420180180200e-01
8.516231562730341986e-01
8.857081483644099196e-01
9.135336536253421125e-01
9.357516990554969327e-01
9.531123047800115211e-01
9.663922975936556359e-01
8.255295687287617090e-01
7.815067156152367689e-01
7.312570681556055385e-01
6.753475326416502611e-01
6.148028508322447294e-01
5.511201402572829533e-01
4.862404887700014777e-01
4.224729512380451801e-01
3.623718483782265576e-01
3.085745895496915248e-01
2.636133805438998223e-01
2.297190803849208374e-01
2.086381841044161467e-01
2.014837812406229389e-01
2.086381841044161467e-01
2.297190803849208374e-01
2.636133805438999334e-01
3.085745895496915248e-01
3.623718483782267796e-01
4.224729512380454022e-01
4.862404887700018108e-01
5.511201402572829533e-01
6.148028508322447294e-01
6.753475326416503721e-01
7.312570681556056496e-01
7.815067156152369909e-01
8.255295687287617090e-01
8.631678107585296633e-01
8.946007754381357646e-01
9.202612808510262088e-01
9.407506221829445847e-01
9.567604632617491278e-01
9.690071888569214975e-01
8.419746791103521755e-01
8.021013009163853180e-01
7.565880491490701854e-01
7.059483950483216308e-01
6.511104909898466353e-01
5.934303402594007792e-01
5.346660690256864745e-01
4.769090868974991126e-01
4.224729512380451801e-01
3.737464763424440672e-01
3.330231891415255108e-01
3.023236739289688613e-01
2.832298058443010191e-01
2.767497576201575216e-01
2.832298058443010191e-01
3.023236739289689723e-01
3.330231891415256218e-01
3.737464763424440672e-01
4.224729512380452912e-01
4.769090868974992237e-01
5.346660690256866966e-01
5.934303402594007792e-01
6.511104909898466353e-01
7.059483950483216308e-01
7.565880491490704074e-01
8.021013009163854290e-01
8.419746791103521755e-01
8.760652423716399628e-01
9.045354209217549846e-01
9.277772365836792767e-01
9.463353080872698442e-01
9.608361049010128996e-01
9.719284873060056729e-01
8.594230143916725684e-01
8.239522475489147180e-01
7.834643326839928479e-01
7.384160462090501031e-01
6.896330587345149699e-01
6.383216507052766886e-01
5.860458251287257170e-01
5.346660690256865855e-01
4.862404887700014777e-01
4.428941381878260808e-01
4.066673048769479104e-01
3.793574707065626717e-01
3.623718483782266686e-01
3.566072934270437811e-01
3.623718483782266686e-01
3.793574707065626717e-01
4.066673048769480214e-01
4.428941381878260808e-01
4.862404887700016998e-01
5.346660690256866966e-01
5.860458251287259390e-01
6.383216507052766886e-01
6.896330587345149699e-01
7.384160462090501031e-01
7.834643326839929589e-01
8.239522475489149400e-01
8.594230143916725684e-01
8.897494746955147971e-01
9.150761239804156011e-01
9.357516990554969327e-01
9.522606846787590174e-01
9.651603788133360506e-01
9.750279979577238798e-01
8.771756508568645527e-01
8.461842774665706557e-01
8.108093420180179089e-01
7.714499373305794272e-01
7.288274649544002060e-01
6.839958713081375485e-01
6.383216507052766886e-01
5.934303402594007792e-01
5.511201402572829533e-01
5.132477440400283752e-01
4.815957833462439774e-01
4.577347466860167691e-01
4.428941381878260808e-01
4.378575548031775622e-01
4.428941381878260808e-01
4.577347466860168801e-01
4.815957833462440885e-01
5.132477440400283752e-01
5.511201402572830643e-01
5.934303402594010013e-01
6.383216507052767996e-01
6.839958713081375485e-01
7.288274649544002060e-01
7.714499373305796492e-01
8.108093420180180200e-01
8.461842774665708777e-01
8.771756508568645527e-01
9.036723617695070487e-01
9.258006582394672224e-01
9.438652371658663442e-01
9.582894005907394153e-01
9.695600686120281475e-01
9.781815644689572098e-01
8.946007754381356536e-01
8.680061568121697491e-01
8.376498732966071170e-01
8.038743983015135264e-01
7.672987879384289833e-01
7.288274649544002060e-01
6.896330587345149699e-01
6.511104909898466353e-01
6.148028508322447294e-01
5.823034220020011364e-01
5.551419337770588935e-01
5.346660690256865855e-01
5.219309017836224474e-01
5.176088598848740396e-01
5.219309017836224474e-01
5.346660690256865855e-01
5.551419337770588935e-01
5.823034220020011364e-01
6.148028508322448404e-01
6.511104909898467463e-01
6.896330587345150809e-01
7.288274649544002060e-01
7.672987879384289833e-01
8.038743983015136374e-01
8.376498732966073391e-01
8.680061568121698601e-01
8.946007754381356536e-01
9.173383906025184276e-01
9.363273394964455321e-01
9.518290915851963518e-01
9.642068949323446825e-01
9.738785901460818017e-01
9.812769519873864033e-01
9.111672597120809014e-01
8.887527413958666855e-01
8.631678107585295523e-01
8.347011117784134404e-01
8.038743983015135264e-01
7.714499373305794272e-01
7.384160462090499921e-01
7.059483950483216308e-01
6.753475326416501501e-01
6.479563128980153630e-01
6.250640246544385548e-01
6.078065241064949387e-01
5.970730504131142036e-01
5.934303402594007792e-01
5.970730504131142036e-01
6.078065241064949387e-01
6.250640246544386658e-01
6.479563128980153630e-01
6.753475326416502611e-01
7.059483950483216308e-01
7.384160462090501031e-01
7.714499373305794272e-01
8.038743983015135264e-01
8.347011117784135514e-01
8.631678107585296633e-01
8.887527413958666855e-01
9.111672597120809014e-01
9.303310123019181699e-01
9.463353080872699552e-01
9.594005191742778216e-01
9.698327988674437794e-01
9.779843122456235438e-01
9.842198112138244026e-01
9.264654562369428747e-01
9.079110204207188062e-01
8.867321600644104684e-01
8.631678107585295523e-01
8.376498732966071170e-01
8.108093420180179089e-01
7.834643326839928479e-01
7.565880491490701854e-01
7.312570681556054275e-01
7.085829860499142097e-01
6.896330587345148588e-01
6.753475326416501501e-01
6.664625079483066372e-01
6.634471216352628709e-01
6.664625079483066372e-01
6.753475326416502611e-01
6.896330587345149699e-01
7.085829860499142097e-01
7.312570681556056496e-01
7.565880491490702964e-01
7.834643326839929589e-01
8.108093420180179089e-01
8.376498732966071170e-01
8.631678107585296633e-01
8.867321600644104684e-01
9.079110204207188062e-01
9.264654562369428747e-01
9.423289520484464665e-01
9.555770921487120040e-01
9.663922975936556359e-01
9.750279979577238798e-01
9.817757107413227491e-01
9.869373726497082666e-01
9.402149709677636302e-01
9.251298500547402437e-01
9.079110204207188062e-01
8.887527413958666855e-01
8.680061568121697491e-01
8.461842774665706557e-01
8.239522475489147180e-01
8.021013009163853180e-01
7.815067156152367689e-01
7.630722413178782082e-01
7.476655780446223032e-01
7.360511646207130720e-01
7.288274649544000949e-01
7.263758966295918995e-01
7.288274649544000949e-01
7.360511646207130720e-01
7.476655780446224142e-01
7.630722413178782082e-01
7.815067156152368799e-01
8.021013009163853180e-01
8.239522475489148290e-01
8.461842774665706557e-01
8.680061568121697491e-01
8.887527413958666855e-01
9.079110204207188062e-01
9.251298500547402437e-01
9.402149709677636302e-01
9.531123047800115211e-01
9.638833030073157282e-01
9.726762775527074689e-01
9.796972716400996761e-01
9.851832947256379258e-01
9.893798272837477370e-01
9.522606846787590174e-01
9.402149709677636302e-01
9.264654562369428747e-01
9.111672597120809014e-01
8.946007754381356536e-01
8.771756508568645527e-01
8.594230143916725684e-01
8.419746791103521755e-01
8.255295687287617090e-01
8.108093420180180200e-01
7.985068715173587739e-01
7.892325740269906520e-01
7.834643326839929589e-01
7.815067156152368799e-01
7.834643326839929589e-01
7.892325740269906520e-01
7.985068715173587739e-01
8.108093420180180200e-01
8.255295687287617090e-01
8.419746791103522865e-01
8.594230143916726794e-01
8.771756508568645527e-01
8.946007754381356536e-01
9.111672597120809014e-01
9.264654562369429858e-01
9.402149709677636302e-01
9.522606846787590174e-01
9.625594149065926919e-01
9.711602316833236603e-01
9.781815644689572098e-01
9.837879421195536711e-01
9.881686205298443326e-01
9.915196198400467731e-01
9.625594149065926919e-01
9.531123047800115211e-01
9.423289520484464665e-01
9.303310123019181699e-01
9.173383906025184276e-01
9.036723617695069377e-01
8.897494746955146860e-01
8.760652423716399628e-01
8.631678107585295523e-01
8.516231562730340876e-01
8.419746791103521755e-01
8.347011117784134404e-01
8.301772444085409042e-01
8.286419411066425766e-01
8.301772444085409042e-01
8.347011117784134404e-01
8.419746791103521755e-01
8.516231562730340876e-01
8.631678107585296633e-01
8.760652423716399628e-01
8.897494746955147971e-01
9.036723617695069377e-01
9.173383906025184276e-01
9.303310123019181699e-01
9.423289520484464665e-01
9.531123047800115211e-01
9.625594149065926919e-01
9.706364156523006326e-01
9.773817912454592083e-01
9.828884225379419526e-01
9.872853448247502772e-01
9.907209861129352424e-01
9.933490794145951597e-01
9.711602316833235493e-01
9.638833030073157282e-01
9.555770921487120040e-01
9.463353080872698442e-01
9.363273394964454210e-01
9.258006582394671113e-01
9.150761239804154901e-01
9.045354209217548735e-01
8.946007754381355426e-01
8.857081483644098086e-01
8.782761105026540838e-01
8.726734203693260472e-01
8.691887716514440365e-01
8.680061568121697491e-01
8.691887716514440365e-01
8.726734203693260472e-01
8.782761105026540838e-01
8.857081483644098086e-01
8.946007754381356536e-01
9.045354209217548735e-01
9.150761239804154901e-01
9.258006582394671113e-01
9.363273394964454210e-01
9.463353080872698442e-01
9.555770921487120040e-01
9.638833030073157282e-01
9.711602316833235493e-01
9.773817912454592083e-01
9.825776253605065236e-01
9.868192783764613285e-01
9.902061437190200488e-01
9.928525526499506482e-01
9.948769227751874666e-01
9.781815644689572098e-01
9.726762775527074689e-01
9.663922975936556359e-01
9.594005191742778216e-01
9.518290915851962408e-01
9.438652371658662332e-01
9.357516990554968217e-01
9.277772365836791657e-01
9.202612808510260978e-01
9.135336536253420014e-01
9.079110204207188062e-01
9.036723617695069377e-01
9.010360859657420285e-01
9.001413906496967821e-01
9.010360859657420285e-01
9.036723617695069377e-01
9.079110204207188062e-01
9.135336536253420014e-01
9.202612808510260978e-01
9.277772365836791657e-01
9.357516990554969327e-01
9.438652371658662332e-01
9.518290915851962408e-01
9.594005191742778216e-01
9.663922975936556359e-01
9.726762775527074689e-01
9.781815644689572098e-01
9.828884225379419526e-01
9.868192783764613285e-01
9.900282581386234959e-01
9.925905569170853093e-01
9.945926708735590704e-01
9.961241876521771399e-01
9.837879421195536711e-01
9.796972716400996761e-01
9.750279979577238798e-01
9.698327988674437794e-01
9.642068949323446825e-01
9.582894005907394153e-01
9.522606846787590174e-01
9.463353080872698442e-01
9.407506221829445847e-01
9.357516990554969327e-01
9.315738351190941957e-01
9.284243251878651071e-01
9.264654562369428747e-01
9.258006582394672224e-01
9.264654562369428747e-01
9.284243251878651071e-01
9.315738351190941957e-01
9.357516990554969327e-01
9.407506221829445847e-01
9.463353080872698442e-01
9.522606846787590174e-01
9.582894005907394153e-01
9.642068949323446825e-01
9.698327988674437794e-01
9.750279979577238798e-01
9.796972716400997871e-01
9.837879421195536711e-01
9.872853448247502772e-01
9.902061437190200488e-01
9.925905569170853093e-01
9.944944576823036009e-01
9.959821164697276741e-01
9.971201008419117162e-01
9.881686205298443326e-01
9.851832947256379258e-01
9.817757107413227491e-01
9.779843122456235438e-01
9.738785901460818017e-01
9.695600686120281475e-01
9.651603788133360506e-01
9.608361049010128996e-01
9.567604632617491278e-01
9.531123047800115211e-01
9.500633461610148434e-01
9.477648688538039545e-01
9.463353080872698442e-01
9.458501459050757676e-01
9.463353080872698442e-01
9.477648688538039545e-01
9.500633461610148434e-01
9.531123047800115211e-01
9.567604632617491278e-01
9.608361049010128996e-01
9.651603788133360506e-01
9.695600686120281475e-01
9.738785901460818017e-01
9.779843122456235438e-01
9.817757107413227491e-01
9.851832947256379258e-01
9.881686205298443326e-01
9.907209861129352424e-01
9.928525526499506482e-01
9.945926708735590704e-01
9.959821164697276741e-01
9.970677933014984173e-01
9.978982816354103891e-01
9.915196198400467731e-01
9.893798272837477370e-01
9.869373726497082666e-01
9.842198112138242916e-01
9.812769519873864033e-01
9.781815644689572098e-01
9.750279979577238798e-01
9.719284873060055618e-01
9.690071888569213865e-01
9.663922975936556359e-01
9.642068949323446825e-01
9.625594149065926919e-01
9.615347483584066879e-01
9.611869985668783922e-01
9.615347483584066879e-01
9.625594149065926919e-01
9.642068949323446825e-01
9.663922975936556359e-01
9.690071888569213865e-01
9.719284873060055618e-01
9.750279979577238798e-01
9.781815644689572098e-01
9.812769519873864033e-01
9.842198112138244026e-01
9.869373726497082666e-01
9.893798272837477370e-01
9.915196198400467731e-01
9.933490794145951597e-01
9.948769227751874666e-01
9.961241876521771399e-01
9.971201008419117162e-01
9.978982816354103891e-01
9.984935509197524484e-01
9.940299501408733640e-01
9.925235709446176280e-01
9.908041225627245430e-01
9.888910034617577338e-01
9.868192783764613285e-01
9.846401758515996860e-01
9.824201162609882410e-01
9.802381111172761008e-01
9.781815644689572098e-01
9.763407235015191254e-01
9.748022355323233690e-01
9.736424363593922937e-01
9.729210877563500004e-01
9.726762775527074689e-01
9.729210877563500004e-01
9.736424363593922937e-01
9.748022355323233690e-01
9.763407235015191254e-01
9.781815644689572098e-01
9.802381111172761008e-01
9.824201162609882410e-01
9.846401758515996860e-01
9.868192783764613285e-01
9.888910034617577338e-01
9.908041225627245430e-01
9.925235709446176280e-01
9.940299501408733640e-01
9.953178599596911313e-01
9.963934368639842942e-01
9.972714910741397043e-01
9.979725977799633885e-01
9.985204244161488552e-01
9.989394843214950415e-01
9.958721558257446205e-01
9.948306069716796873e-01
9.936417366684811014e-01
9.923189575088547931e-01
9.908865141414134881e-01
9.893798272837477370e-01
9.878448216700850271e-01
9.863361278679892985e-01
9.849141792575651921e-01
9.836413750360805119e-01
9.825776253605065236e-01
9.817757107413227491e-01
9.812769519873864033e-01
9.811076839918504433e-01
9.812769519873864033e-01
9.817757107413227491e-01
9.825776253605065236e-01
9.836413750360805119e-01
9.849141792575651921e-01
9.863361278679892985e-01
9.878448216700850271e-01
9.893798272837477370e-01
9.908865141414134881e-01
9.923189575088547931e-01
9.936417366684811014e-01
9.948306069716796873e-01
9.958721558257446205e-01
9.967626494008435811e-01
9.975063306033653543e-01
9.981134395960197248e-01
9.985982025878633594e-01
9.989769838446435068e-01
9.992667325117007282e-01
9.971968177800183408e-01
9.964895112282917689e-01
9.956821599923668664e-01
9.947838724445101644e-01
9.938111129096940388e-01
9.927879352818101966e-01
9.917455266389095803e-01
9.907209861129352424e-01
9.897553534741529990e-01
9.888910034617577338e-01
9.881686205298442216e-01
9.876240474530650904e-01
9.872853448247502772e-01
9.871703964363256478e-01
9.872853448247502772e-01
9.876240474530650904e-01
9.881686205298442216e-01
9.888910034617577338e-01
9.897553534741529990e-01
9.907209861129352424e-01
9.917455266389095803e-01
9.927879352818101966e-01
9.938111129096940388e-01
9.947838724445101644e-01
9.956821599923668664e-01
9.964895112282917689e-01
9.971968177800183408e-01
9.978015440369574218e-01
9.983065713190543145e-01
9.987188536296157659e-01
9.990480518605268090e-01
9.993052788389312768e-01
9.995020445784966734e-01
9.981303424626614129e-01
9.976585853944915927e-01
9.971201008419117162e-01
9.965209638780083701e-01
9.958721558257445094e-01
9.951897200745568606e-01
9.944944576823036009e-01
9.938111129096940388e-01
9.931670583318181755e-01
9.925905569170853093e-01
9.921087442529391565e-01
9.917455266389095803e-01
9.915196198400467731e-01
9.914429519305220095e-01
9.915196198400467731e-01
9.917455266389095803e-01
9.921087442529391565e-01
9.925905569170853093e-01
9.931670583318181755e-01
9.938111129096940388e-01
9.944944576823036009e-01
9.951897200745568606e-01
9.958721558257445094e-01
9.965209638780083701e-01
9.971201008419117162e-01
9.976585853944915927e-01
9.981303424626614129e-01
9.985336808529571284e-01
9.988705223389665599e-01
9.991455050796381743e-01
9.993650726658315220e-01
9.995366370955545143e-01
9.996678752810160828e-01
9.987752272960530586e-01
9.984661893206755456e-01
9.981134395960197248e-01
9.977209577726591228e-01
9.972959374806301680e-01
9.968488884015556106e-01
9.963934368639842942e-01
9.959457923043990579e-01
9.955238859118747952e-01
9.951462321531244770e-01
9.948306069716796873e-01
9.945926708735590704e-01
9.944446841565492967e-01
9.943944606471742942e-01
9.944446841565492967e-01
9.945926708735590704e-01
9.948306069716796873e-01
9.951462321531244770e-01
9.955238859118747952e-01
9.959457923043990579e-01
9.963934368639842942e-01
9.968488884015556106e-01
9.972959374806301680e-01
9.977209577726591228e-01
9.981134395960197248e-01
9.984661893206755456e-01
9.987752272960530586e-01
9.990394456574495097e-01
9.992601033176798930e-01
9.994402386355684120e-01
9.995840726698075329e-01
9.996964608619210990e-01
9.997824321930653957e-01
9.992119901750708966e-01
9.990131573956588795e-01
9.987862007955697896e-01
9.985336808529571284e-01
9.982602258969202058e-01
9.979725977799633885e-01
9.976795635824925457e-01
9.973915523377183678e-01
9.971201008419117162e-01
9.968771211679220423e-01
9.966740502281695724e-01
9.965209638780083701e-01
9.964257503036146879e-01
9.963934368639842942e-01
9.964257503036146879e-01
9.965209638780083701e-01
9.966740502281695724e-01
9.968771211679220423e-01
9.971201008419117162e-01
9.973915523377183678e-01
9.976795635824925457e-01
9.979725977799633885e-01
9.982602258969202058e-01
9.985336808529571284e-01
9.987862007955697896e-01
9.990131573956588795e-01
9.992119901750708966e-01
9.993819863417360283e-01
9.995239558709777539e-01
9.996398536207034002e-01
9.997323953892898185e-01
9.998047051324006063e-01
9.998600184598331886e-01
9.995020445784966734e-01
9.993763991140005576e-01
9.992329817784736390e-01
9.990734105770955331e-01
9.989006102215824967e-01
9.987188536296157659e-01
9.985336808529571284e-01
9.983516821566817967e-01
9.981801478182308340e-01
9.980266052580359926e-01
9.978982816354103891e-01
9.978015440369574218e-01
9.977413771277766630e-01
9.977209577726591228e-01
9.977413771277766630e-01
9.978015440369574218e-01
9.978982816354103891e-01
9.980266052580359926e-01
9.981801478182308340e-01
9.983516821566817967e-01
9.985336808529571284e-01
9.987188536296157659e-01
9.989006102215824967e-01
9.990734105770955331e-01
9.992329817784736390e-01
9.993763991140005576e-01
9.995020445784966734e-01
9.996094677477869173e-01
9.996991804576259577e-01
9.997724180125271420e-01
9.998308965668868398e-01
9.998765901959133506e-01
9.999115435307640576e-01
9.996909476877228196e-01
9.996129667688437026e-01
9.995239558709777539e-01
9.994249191969520885e-01
9.993176719472436353e-01
9.992048660762896661e-01
9.990899399758278454e-01
9.989769838446435068e-01
9.988705223389665599e-01
9.987752272960530586e-01
9.986955841983385929e-01
9.986355447305570454e-01
9.985982025878633594e-01
9.985855294676566629e-01
9.985982025878633594e-01
9.986355447305570454e-01
9.986955841983385929e-01
9.987752272960530586e-01
9.988705223389665599e-01
9.989769838446435068e-01
9.990899399758278454e-01
9.992048660762896661e-01
9.993176719472436353e-01
9.994249191969520885e-01
9.995239558709777539e-01
9.996129667688437026e-01
9.996909476877228196e-01
9.997576190752157643e-01
9.998132985983601007e-01
9.998587529396731899e-01
9.998950472175603954e-01
9.999234066270520360e-01
9.999451001532010386e-01
9.998116107016031817e-01
9.997640758021302254e-01
9.997098173483588424e-01
9.996494474731173474e-01
9.995840726698075329e-01
9.995153094927018422e-01
9.994452538853713097e-01
9.993763991140005576e-01
9.993115032773929318e-01
9.992534141916232793e-01
9.992048660762896661e-01
9.991682677634404763e-01
9.991455050796381743e-01
9.991377799142555638e-01
9.991455050796381743e-01
9.991682677634404763e-01
9.992048660762896661e-01
9.992534141916232793e-01
9.993115032773929318e-01
9.993763991140005576e-01
9.994452538853713097e-01
9.995153094927018422e-01
9.995840726698075329e-01
9.996494474731173474e-01
9.997098173483588424e-01
9.997640758021302254e-01
9.998116107016031817e-01
9.998522516397679860e-01
9.998861922572088723e-01
9.999138999012836537e-01
9.999360238371850507e-01
9.999533109081591986e-01
9.999665346505763885e-01
9.998872119314770046e-01
9.998587529396731899e-01
9.998262685774828018e-01
9.997901253268660637e-01
9.997509856418727026e-01
9.997098173483588424e-01
9.996678752810160828e-01
9.996266521503096580e-01
9.995877992211440466e-01
9.995530214718665318e-01
9.995239558709777539e-01
9.995020445784966734e-01
9.994884166327360209e-01
9.994837916010067547e-01
9.994884166327360209e-01
9.995020445784966734e-01
9.995239558709777539e-01
9.995530214718665318e-01
9.995877992211440466e-01
9.996266521503096580e-01
9.996678752810160828e-01
9.997098173483588424e-01
9.997509856418727026e-01
9.997901253268660637e-01
9.998262685774828018e-01
9.998587529396731899e-01
9.998872119314770046e-01
9.999115435307640576e-01
9.999318636695310181e-01
9.999484521471415643e-01
9.999616976765834941e-01
9.999720473905119311e-01
9.999799644026701184e-01
9.999336787367818502e-01
9.999169443755053788e-01
9.998978430293832265e-01
9.998765901959133506e-01
9.998535754091125716e-01
9.998293677667073887e-01
9.998047051324006063e-01
9.997804652448126772e-01
9.997576190752157643e-01
9.997371691792810156e-01
9.997200781217571164e-01
9.997071939167599952e-01
9.996991804576259577e-01
9.996964608619210990e-01
9.996991804576259577e-01
9.997071939167599952e-01
9.997200781217571164e-01
9.997371691792810156e-01
9.997576190752157643e-01
9.997804652448126772e-01
9.998047051324006063e-01
9.998293677667073887e-01
9.998535754091125716e-01
9.998765901959133506e-01
9.998978430293832265e-01
9.999169443755053788e-01
9.999336787367818502e-01
9.999479861225006871e-01
9.999599347026070228e-01
9.999696890037880204e-01
9.999774775957559481e-01
9.999835633999609730e-01
9.999882187349987683e-01
9.999616976765834941e-01
9.999520331303025644e-01
9.999410015862492118e-01
9.999287275000575681e-01
9.999154358381585617e-01
9.999014552698828329e-01
9.998872119314770046e-01
9.998732127407360393e-01
9.998600184598331886e-01
9.998482080917865389e-01
9.998383375437744913e-01
9.998308965668868398e-01
9.998262685774828018e-01
9.998246979374015853e-01
9.998262685774828018e-01
9.998308965668868398e-01
9.998383375437744913e-01
9.998482080917865389e-01
9.998600184598331886e-01
9.998732127407360393e-01
9.998872119314770046e-01
9.999014552698828329e-01
9.999154358381585617e-01
9.999287275000575681e-01
9.999410015862492118e-01
9.999520331303025644e-01
9.999616976765834941e-01
9.999699605788331391e-01
9.999768612070388807e-01
9.999824945798126974e-01
9.999869927023459226e-01
9.999905074188877308e-01
9.999931960007931719e-01
9.999782739813600774e-01
9.999727920133248960e-01
9.999665346505763885e-01
9.999595724874070779e-01
9.999520331303025644e-01
9.999441030085798321e-01
9.999360238371850507e-01
9.999280831523427171e-01
9.999205990321310411e-01
9.999138999012836537e-01
9.999083010840066343e-01
9.999040803791474641e-01
9.999014552698828329e-01
9.999005643642501218e-01
9.999014552698828329e-01
9.999040803791474641e-01
9.999083010840066343e-01
9.999138999012836537e-01
9.999205990321310411e-01
9.999280831523427171e-01
9.999360238371850507e-01
9.999441030085798321e-01
9.999520331303025644e-01
9.999595724874070779e-01
9.999665346505763885e-01
9.999727920133248960e-01
9.999782739813600774e-01
9.999829609024730726e-01
9.999868751082875429e-01
9.999900704956941055e-01
9.999926219412798023e-01
9.999946155748322685e-01
9.999961406045271284e-01
