-5.515722514293565082e-01
-5.433283762026983599e-01
-5.249267562066897153e-01
-2.708559084270596440e-01
-4.331019092316226171e-01
-2.666825091188018693e-01
-2.678135341837322159e-01
-1.469216263524490695e-01
-1.765774300519815793e-02
-1.143214566060972159e-01
-1.364136487677849452e-01
-1.312737440601780270e-01
-1.250681654836348633e-01
-1.209951351904159783e-01
-1.206651491707732282e-01
-1.238859168988923620e-01
-1.295137894537601309e-01
-1.338830345710753378e-01
-1.107766270470899317e-01
-2.260401016841525126e-02
-2.611997104595810693e-01
-2.615888745282817784e-01
-4.233399987141942544e-01
-2.726087644945689448e-01
-5.167303682868517045e-01
-5.362906021554378899e-01
-1.270559654353679679e+00
-1.251130504687921752e+00
-2.242629982005897582e-01
-2.294784556499801509e-01
-2.054276206914029124e-01
-1.146559097793618670e-01
-1.379847902376125368e-01
-2.244497185749461943e-01
-2.549030713130738812e-01
-2.830663984993680438e-01
-3.069513197822908435e-01
-3.261482357403342469e-01
-3.433061762313611154e-01
-3.402149561753884388e-01
-3.289673069328421517e-01
-3.114831420647289906e-01
-2.890733029489534478e-01
-2.333792344717059430e-01
-2.047851781602210708e-01
-1.776695118470076329e-01
-1.543154063604252335e-01
-1.340676088373854991e-01
1.268499669658449402e-01
-1.107895679934465111e-01
-2.005917865461716854e-01
-2.254941230305964606e-01
3.668608752561605652e+05
-1.630039966043578461e+05
-1.568770047820003820e+05
-4.259986704775891667e+03
-4.058183198410915793e+03
-6.718909138306385103e+03
-2.811565373026676298e+03
-1.012166356082416132e+04
-5.379177606300930165e+03
-4.058721052421089553e+04
-1.767999860197156522e+04
